================================================================================
ОТЧЁТ ПО МОДЕЛИ v13.1
================================================================================

ФИНАЛЬНЫЕ ПАРАМЕТРЫ:
  m_u: 1.500000
  m_d: 2.500000
  m_s: 8.000000
  alpha: 2.100426
  beta: 0.130186
  gamma: 0.000000
  mix_eta: 6.000000
  scale: 100.000000

МАССЫ ЧАСТИЦ:
  proton: 970.085 МэВ (цель 938.272) - 3.391%
  neutron: 965.064 МэВ (цель 939.565) - 2.714%
  pi+: 189.957 МэВ (цель 139.570) - 36.102%
  pi0: 89.957 МэВ (цель 134.977) - 33.353%
  K+: 712.613 МэВ (цель 493.677) - 44.348%
  eta: 200.000 МэВ (цель 547.862) - 63.494%
  Lambda0: 1674.774 МэВ (цель 1115.683) - 50.112%
